eta_x: 0.000081; 0.000204; 0.000326; 0.000436; 0.000581;
x: 1.000000; 1.500000; 2.000000; 2.500000; 3.000000;
