eta_y: 0.002500; 0.002299; 0.001391; 0.000338; 0.000191; 0.000134; 0.000149; 0.000132; 0.000120; 0.000122; 0.000130; 0.000164; 0.000243; 0.000419; 0.000429; 0.000428; 0.000463; 0.000549; 0.000746; 0.001206; 0.002248;
y: -0.100000; -0.075000; -0.050000; -0.023214; -0.014286; -0.005357; 0.003571; 0.012500; 0.021429; 0.030357; 0.039286; 0.048214; 0.057143; 0.075000; 0.100000; 0.125000; 0.150000; 0.175000; 0.200000; 0.225000; 0.250000;
